# This file is generated by MACS
# ARGUMENTS LIST:
# name = s96a
# format = ELAND
# ChIP-seq file = S96ChIPu_eland_result_unique.txt
# control file = S96inputu_eland_result_unique.txt
# effective genome size = 1.20e+07
# tag size = 24
# band width = 15
# model fold = 4
# pvalue cutoff = 1.00e-05
# Ranges for calculating regional lambda are : peak_region,250,500,2500
# unique tags in treatment: 2288896
# total tags in treatment: 2347114
# unique tags in control: 1111480
# total tags in control: 1111480
# d = 23
chr	start	end	length	summit	tags	-10*log10(pvalue)	fold_enrichment	FDR(%)
chr01.fs	43312	43762	451	259	341	526.19	4.37	1.06
chr01.fs	45687	46172	486	204	354	673.08	5.77	0.85
chr01.fs	60443	60815	373	213	225	92.75	2.36	2.21
chr01.fs	68086	68731	646	223	497	772.49	4.65	0.98
chr01.fs	69539	70436	898	437	1024	3100.00	8.25	0.00
chr01.fs	71925	73219	1295	956	790	370.99	2.93	1.69
chr01.fs	98579	98810	232	39	100	153.55	4.10	2.00
chr01.fs	116275	116362	88	23	41	51.42	3.52	2.40
chr01.fs	139459	139554	96	55	41	50.41	3.80	2.38
chr01.fs	139570	139777	208	53	100	93.26	3.82	2.21
chr01.fs	141646	141917	272	87	164	295.68	4.87	1.44
chr01.fs	142640	142868	229	130	116	53.21	2.57	2.36
chr01.fs	152462	152645	184	101	98	98.60	3.13	2.17
chr01.fs	166139	166289	151	109	110	130.79	3.99	2.25
chr01.fs	166321	166459	139	58	83	67.27	2.84	2.42
chr01.fs	180965	181152	188	156	115	178.82	5.41	1.96
chr01.fs	181229	181334	106	32	53	71.01	4.06	2.49
chr01.fs	182249	182535	287	259	288	608.83	4.96	1.16
chr01.fs	182571	182634	64	36	74	323.34	9.57	1.53
chr01.fs	182928	183155	228	60	192	280.94	4.29	1.39
chr01.fs	183179	183253	75	29	53	87.41	4.28	2.37
chr01.fs	183296	183371	76	31	45	104.60	5.93	2.21
chr01.fs	183510	183641	132	48	64	95.21	3.86	2.24
chr02.fs	9460	9610	151	108	74	81.86	3.56	2.41
chr02.fs	12835	13232	398	221	330	820.02	6.41	0.52
chr02.fs	36300	36411	112	66	59	56.47	3.15	2.34
chr02.fs	88230	88389	160	84	82	74.36	2.97	2.48
chr02.fs	106842	106967	126	106	57	57.53	2.88	2.27
chr02.fs	110568	110738	171	81	90	122.43	3.71	2.45
chr02.fs	110985	111139	155	60	77	65.54	2.92	2.48
chr02.fs	124810	125055	246	205	119	130.61	3.02	2.24
chr02.fs	159682	159936	255	189	118	55.19	2.26	2.32
chr02.fs	165019	165426	408	242	283	518.79	4.91	1.05
chr02.fs	191788	193818	2031	375	1519	2512.62	6.10	0.00
chr02.fs	197244	197520	277	234	199	388.47	5.46	1.74
chr02.fs	197548	197657	110	49	132	471.26	7.15	1.32
chr02.fs	197679	197768	90	32	78	260.98	9.57	1.57
chr02.fs	197979	198692	714	107	552	778.65	4.99	0.98
chr02.fs	202666	203291	626	322	581	1272.38	5.74	0.84
chr02.fs	226927	227104	178	83	239	907.19	7.17	0.56
chr02.fs	227144	227356	213	81	159	413.03	5.17	1.80
chr02.fs	235805	236186	382	199	240	351.78	4.56	1.66
chr02.fs	266266	266393	128	103	61	88.75	3.74	2.28
chr02.fs	278509	278651	143	61	65	76.54	3.73	2.45
chr02.fs	279733	279886	154	45	72	57.21	3.58	2.27
chr02.fs	287979	288160	182	112	80	73.96	3.30	2.47
chr02.fs	315952	318039	2088	780	1774	3100.00	6.54	0.00
chr02.fs	323037	323226	190	48	88	92.65	3.71	2.21
chr02.fs	326693	326817	125	59	65	75.59	3.34	2.51
chr02.fs	326836	326950	115	39	53	56.27	3.84	2.34
chr02.fs	338888	339040	153	104	70	52.79	3.06	2.34
chr02.fs	347508	347625	118	51	54	78.30	4.42	2.48
chr02.fs	347670	347753	84	22	43	71.74	4.78	2.52
chr02.fs	350746	350853	108	60	59	104.89	5.68	2.23
chr02.fs	350870	350969	100	34	50	70.14	3.45	2.48
chr02.fs	371102	371331	230	65	120	146.55	3.77	2.09
chr02.fs	373163	373338	176	110	89	61.24	2.56	2.38
chr02.fs	374408	374574	167	33	81	54.49	2.79	2.30
chr02.fs	392442	392823	382	201	336	666.50	5.13	0.84
chr02.fs	393140	393612	473	223	464	1262.91	6.04	0.83
chr02.fs	393618	393813	196	150	90	58.18	2.80	2.30
chr02.fs	394201	394432	232	179	115	53.60	2.64	2.28
chr02.fs	394436	394642	207	114	100	67.78	2.88	2.43
chr02.fs	405787	405871	85	63	41	71.72	4.33	2.51
chr02.fs	408472	409242	771	322	787	1811.54	5.86	0.00
chr02.fs	424960	425408	449	234	341	946.61	7.29	0.61
chr02.fs	433811	434330	520	233	382	1029.61	6.51	0.65
chr02.fs	448302	448649	348	183	213	395.57	5.38	1.76
chr02.fs	466326	466838	513	348	314	400.05	4.36	1.77
chr02.fs	495577	495884	308	165	186	329.53	4.67	1.58
chr02.fs	504420	504673	254	135	138	153.18	3.47	2.00
chr02.fs	517170	517353	184	124	101	182.70	4.82	1.99
chr02.fs	546292	546570	279	152	162	187.39	2.97	2.03
chr02.fs	553208	553408	201	77	115	228.24	5.01	1.86
chr02.fs	555106	556363	1258	350	1424	3100.00	7.15	0.00
chr02.fs	556470	558222	1753	663	1167	1090.05	4.06	0.69
chr02.fs	563649	563953	305	205	169	149.93	3.10	1.97
chr02.fs	564095	564505	411	256	206	110.43	2.71	2.31
chr02.fs	564720	565351	632	204	472	919.91	4.99	0.58
chr02.fs	595712	595985	274	142	162	231.13	4.00	1.88
chr02.fs	642892	643020	129	104	67	90.36	3.50	2.18
chr02.fs	643055	643193	139	30	73	115.08	4.96	2.36
chr02.fs	663664	663785	122	36	59	65.23	3.12	2.47
chr02.fs	668546	669161	616	290	594	1181.26	5.56	0.76
chr02.fs	670041	670772	732	421	746	2247.77	7.88	0.00
chr02.fs	678516	678761	246	101	151	294.85	4.40	1.43
chr02.fs	680310	680832	523	175	273	191.00	3.02	1.88
chr02.fs	680991	681292	302	66	155	135.47	3.21	2.28
chr02.fs	681330	681474	145	67	76	71.13	3.52	2.50
chr02.fs	692567	692690	124	62	58	91.41	4.33	2.19
chr02.fs	696687	696933	247	169	151	263.27	4.50	1.57
chr02.fs	697650	698107	458	290	410	1108.73	7.16	0.71
chr02.fs	703932	704140	209	49	92	60.13	2.45	2.36
chr02.fs	718540	718720	181	129	91	138.74	4.14	2.18
chr02.fs	735717	736600	884	684	714	1103.28	5.14	0.70
chr02.fs	737831	738199	369	228	268	255.90	3.56	1.76
chr02.fs	748517	748835	319	147	171	190.68	3.76	1.87
chr02.fs	789887	790220	334	193	219	468.25	5.70	1.30
chr02.fs	798919	799159	241	98	127	133.27	3.17	2.26
chr02.fs	807290	807347	58	30	28	52.83	5.24	2.35
chr02.fs	807557	807637	81	43	40	72.92	4.10	2.55
chr03.fs	1125	1224	100	46	86	218.18	6.67	1.81
chr03.fs	1232	1840	609	27	506	1071.33	5.77	0.67
chr03.fs	1967	2874	908	561	523	277.51	2.83	1.61
chr03.fs	2943	3208	266	213	132	118.41	3.18	2.39
chr03.fs	3267	4638	1372	724	1167	2853.66	7.20	0.00
chr03.fs	27430	28914	1485	348	1335	2992.30	6.70	0.00
chr03.fs	28950	29228	279	55	128	115.47	3.89	2.37
chr03.fs	58567	58850	284	65	144	86.69	2.71	2.36
chr03.fs	61420	61590	171	73	90	77.12	3.26	2.47
chr03.fs	70945	73681	2737	692	2514	3100.00	5.13	0.00
chr03.fs	78295	78649	355	259	240	325.18	4.06	1.54
chr03.fs	90748	90881	134	103	102	260.12	5.86	1.56
chr03.fs	90957	92539	1583	732	1482	3129.38	4.98	0.00
chr03.fs	107276	108570	1295	876	1186	1609.94	5.04	0.00
chr03.fs	123248	123599	352	312	275	315.92	4.30	1.50
chr03.fs	123618	124135	518	209	676	1519.23	4.49	0.00
chr03.fs	125033	125459	427	137	257	417.18	4.50	1.82
chr03.fs	127626	127738	113	72	61	112.83	4.27	2.34
chr03.fs	127776	127846	71	22	33	52.58	4.10	2.34
chr03.fs	131094	132111	1018	661	903	2380.48	8.11	0.00
chr03.fs	137259	137524	266	116	148	79.17	2.32	2.39
chr03.fs	137640	138983	1344	101	1016	744.36	3.26	0.93
chr03.fs	142642	142718	77	54	34	53.27	4.79	2.36
chr03.fs	142750	142873	124	60	75	66.43	3.58	2.40
chr03.fs	163452	163958	507	239	302	315.15	3.57	1.49
chr03.fs	168018	168318	301	252	257	722.19	6.29	0.89
chr03.fs	168342	168432	91	33	113	345.33	6.35	1.63
chr03.fs	168572	168621	50	26	35	97.44	6.84	2.15
chr03.fs	192182	192617	436	234	297	477.87	4.43	1.34
chr03.fs	198029	198222	194	66	94	51.59	2.49	2.40
chr03.fs	227821	228127	307	106	197	200.48	3.42	1.93
chr03.fs	228760	229062	303	238	199	293.12	3.85	1.42
chr03.fs	266277	268665	2389	885	2832	3100.00	4.84	0.00
chr03.fs	268819	268990	172	121	175	108.22	2.37	2.27
chr03.fs	269149	272446	3298	2542	3149	75.19	1.66	2.50
chr03.fs	295533	295752	220	32	120	75.68	2.78	2.52
chr03.fs	305633	305705	73	52	33	54.14	5.01	2.29
chr04.fs	22124	22853	730	453	601	1295.51	6.40	0.86
chr04.fs	34732	35117	386	203	290	807.87	8.21	0.50
chr04.fs	48699	49473	775	595	424	256.18	2.82	1.77
chr04.fs	49921	50322	402	63	235	385.16	4.04	1.72
chr04.fs	50334	50963	630	405	598	2116.24	8.89	0.00
chr04.fs	130490	130595	106	67	51	52.47	2.82	2.33
chr04.fs	135483	135809	327	172	226	502.46	5.57	1.37
chr04.fs	140510	140644	135	56	68	73.42	3.17	2.56
chr04.fs	165246	165464	219	95	117	192.83	4.86	1.89
chr04.fs	172028	172135	108	55	43	53.01	4.56	2.36
chr04.fs	217019	217319	301	59	145	172.68	3.31	1.93
chr04.fs	219150	219661	512	282	461	1463.48	7.97	0.00
chr04.fs	219701	219830	130	67	63	58.67	3.06	2.32
chr04.fs	221817	222171	355	61	215	213.75	3.00	1.80
chr04.fs	229963	230143	181	136	94	93.30	2.89	2.22
chr04.fs	234051	235851	1801	401	2033	3100.00	7.14	0.00
chr04.fs	241553	241873	321	224	220	361.85	4.43	1.67
chr04.fs	296421	296572	152	119	65	55.62	3.17	2.32
chr04.fs	301666	302226	561	279	506	945.04	5.42	0.60
chr04.fs	309892	310028	137	52	63	75.92	3.31	2.41
chr04.fs	362265	362514	250	183	153	241.54	5.64	1.95
chr04.fs	371954	372413	460	173	350	926.16	6.27	0.58
chr04.fs	410270	410399	130	94	77	107.40	3.60	2.25
chr04.fs	410428	410661	234	32	173	304.70	4.78	1.46
chr04.fs	411289	411783	495	181	355	548.54	4.28	1.09
chr04.fs	437833	437917	85	22	41	67.53	4.33	2.43
chr04.fs	465140	465614	475	257	341	438.33	3.99	1.58
chr04.fs	485095	485277	183	57	93	102.77	3.65	2.20
chr04.fs	488602	488814	213	173	125	125.96	4.03	2.35
chr04.fs	488847	489012	166	62	86	60.92	2.71	2.37
chr04.fs	512304	512609	306	167	188	237.69	4.29	1.93
chr04.fs	519647	519763	117	75	56	88.08	4.56	2.39
chr04.fs	520464	520543	80	54	35	53.65	5.01	2.28
chr04.fs	542140	542833	694	356	604	1469.84	6.79	0.00
chr04.fs	543653	544106	454	332	318	812.29	7.07	0.51
chr04.fs	544977	545256	280	211	145	137.94	3.24	2.17
chr04.fs	555872	556288	417	354	225	147.09	3.08	2.10
chr04.fs	579951	580209	259	52	108	66.19	2.88	2.49
chr04.fs	599891	600221	331	105	190	115.85	2.77	2.37
chr04.fs	614400	614785	386	308	215	123.46	2.44	2.46
chr04.fs	615798	617375	1578	824	1585	3100.00	8.76	0.00
chr04.fs	619857	619984	128	103	71	136.17	4.29	2.29
chr04.fs	620026	620129	104	30	63	75.92	4.23	2.41
chr04.fs	623658	623860	203	143	102	164.71	4.84	1.91
chr04.fs	624075	624647	573	315	544	1514.30	6.73	0.00
chr04.fs	630660	630803	144	116	62	73.73	3.50	2.46
chr04.fs	645015	645161	147	120	71	96.89	4.01	2.26
chr04.fs	651393	651445	53	25	42	138.56	7.98	2.17
chr04.fs	651476	651781	306	35	285	938.17	7.54	0.60
chr04.fs	651792	652030	239	58	117	151.78	4.35	1.99
chr04.fs	652264	652468	205	65	97	70.07	3.05	2.48
chr04.fs	667587	668026	440	377	419	1320.70	7.51	0.00
chr04.fs	668051	668116	66	30	65	247.93	9.35	1.97
chr04.fs	668413	668637	225	29	159	413.85	6.61	1.81
chr04.fs	668752	668873	122	30	61	106.64	4.33	2.24
chr04.fs	699634	701063	1430	455	1308	2170.07	5.41	0.00
chr04.fs	701594	701894	301	204	154	114.54	2.64	2.36
chr04.fs	721802	722116	315	184	209	182.80	3.22	2.00
chr04.fs	722351	722467	117	60	54	51.52	3.21	2.40
chr04.fs	722479	722764	286	79	159	197.41	4.40	1.91
chr04.fs	745945	746130	186	22	88	83.02	3.15	2.42
chr04.fs	746132	746439	308	67	193	377.95	5.08	1.71
chr04.fs	751106	751575	470	278	409	819.61	6.05	0.51
chr04.fs	768347	769014	668	270	359	60.03	2.43	2.35
chr04.fs	790030	790313	284	86	161	185.85	3.24	2.01
chr04.fs	884448	884585	138	44	70	115.65	4.03	2.37
chr04.fs	944278	944766	489	268	387	1080.88	6.57	0.68
chr04.fs	945548	946014	467	399	454	1622.59	8.29	0.00
chr04.fs	946264	946327	64	36	77	208.16	5.95	1.97
chr04.fs	946376	946755	380	32	350	826.52	6.27	0.52
chr04.fs	952110	952234	125	65	59	76.40	3.86	2.44
chr04.fs	959854	960409	556	355	491	1222.00	6.44	0.79
chr04.fs	960644	960835	192	87	92	123.82	3.69	2.47
chr04.fs	979416	979504	89	37	40	62.53	3.42	2.41
chr04.fs	980715	980996	282	213	217	547.12	6.42	1.09
chr04.fs	981025	981191	167	59	217	1019.17	9.35	0.65
chr04.fs	992673	992852	180	103	205	532.72	5.63	1.08
chr04.fs	992876	993047	172	22	122	141.65	4.33	2.21
chr04.fs	1014521	1014805	285	139	167	264.89	3.87	1.58
chr04.fs	1017075	1017221	147	125	84	173.97	4.56	1.93
chr04.fs	1019100	1019553	454	186	402	1326.42	7.52	0.00
chr04.fs	1022482	1023159	678	634	482	933.45	6.51	0.58
chr04.fs	1023260	1023378	119	30	88	195.87	7.15	1.90
chr04.fs	1023399	1023853	455	29	325	729.27	5.73	0.90
chr04.fs	1050447	1050739	293	149	165	146.38	3.26	2.09
chr04.fs	1067415	1067620	206	125	122	188.48	4.90	1.86
chr04.fs	1075314	1075491	178	105	101	110.56	3.10	2.31
chr04.fs	1075524	1075633	110	45	68	72.14	3.63	2.53
chr04.fs	1079318	1080926	1609	1175	1612	2975.76	5.54	0.00
chr04.fs	1084764	1085304	541	240	375	661.75	4.82	0.83
chr04.fs	1086923	1087532	610	270	594	1566.31	6.81	0.00
chr04.fs	1095286	1095569	284	81	146	127.44	2.79	2.36
chr04.fs	1149848	1150319	472	186	414	629.45	4.51	1.19
chr04.fs	1150723	1150861	139	92	79	124.45	4.50	2.48
chr04.fs	1150912	1151026	115	49	62	62.58	3.40	2.41
chr04.fs	1175500	1175849	350	288	443	1426.46	6.52	0.00
chr04.fs	1175872	1176071	200	26	142	290.12	4.71	1.42
chr04.fs	1201674	1201760	87	51	39	60.99	3.88	2.37
chr04.fs	1201795	1201933	139	39	80	163.21	5.01	1.90
chr04.fs	1222580	1222976	397	199	313	764.94	6.06	0.96
chr04.fs	1233693	1234056	364	191	286	805.38	6.82	0.50
chr04.fs	1236473	1236746	274	33	142	87.96	2.46	2.38
chr04.fs	1239570	1239703	134	88	64	59.70	3.54	2.34
chr04.fs	1256859	1257151	293	231	167	194.56	3.58	1.90
chr04.fs	1272293	1272498	206	139	108	158.35	3.65	2.04
chr04.fs	1278654	1278907	254	179	134	63.85	2.38	2.45
chr04.fs	1279840	1280109	270	166	159	136.48	3.28	2.30
chr04.fs	1305514	1305646	133	96	71	123.73	4.96	2.47
chr04.fs	1342131	1342394	264	89	140	236.93	5.49	1.92
chr04.fs	1352350	1352465	116	47	54	85.28	3.65	2.46
chr04.fs	1379773	1379896	124	46	64	116.96	4.33	2.38
chr04.fs	1384624	1385418	795	293	593	1075.17	5.72	0.68
chr04.fs	1385477	1385831	355	165	204	100.64	2.33	2.18
chr04.fs	1403072	1403221	150	42	64	56.69	3.28	2.35
chr04.fs	1409130	1409473	344	180	221	409.12	5.47	1.80
chr04.fs	1461652	1461724	73	49	34	58.21	4.33	2.30
chr04.fs	1468729	1469117	389	153	310	732.97	5.28	0.92
chr04.fs	1489383	1490458	1076	890	896	1824.16	5.72	0.00
chr04.fs	1496616	1496936	321	58	168	145.19	2.81	2.08
chr04.fs	1497296	1498055	760	538	749	2310.34	7.32	0.00
chr04.fs	1507298	1507619	322	85	183	78.60	2.52	2.49
chr04.fs	1510970	1511398	429	209	318	432.32	4.56	1.57
chr05.fs	23626	23764	139	71	73	94.37	3.70	2.22
chr05.fs	42207	42429	223	94	114	58.65	2.19	2.31
chr05.fs	61723	61916	194	145	110	121.83	3.63	2.44
chr05.fs	66286	66448	163	98	81	70.93	2.85	2.49
chr05.fs	68991	69440	450	213	301	253.20	3.70	1.76
chr05.fs	77456	78305	850	313	692	1446.71	5.48	0.00
chr05.fs	85064	85483	420	272	342	417.86	3.69	1.83
chr05.fs	85733	86118	386	119	210	60.43	2.07	2.37
chr05.fs	86374	86627	254	217	161	221.67	4.16	1.83
chr05.fs	117629	118226	598	382	391	110.17	2.30	2.30
chr05.fs	135293	135437	145	123	75	66.43	3.54	2.40
chr05.fs	138512	138693	182	143	101	171.01	5.28	1.92
chr05.fs	138724	139599	876	321	608	913.31	4.80	0.57
chr05.fs	140583	140832	250	56	134	58.73	2.51	2.32
chr05.fs	141115	141429	315	115	207	418.31	5.66	1.83
chr05.fs	148755	149167	413	268	236	367.32	4.50	1.68
chr05.fs	174575	175012	438	231	305	546.72	5.19	1.08
chr05.fs	177005	177123	119	70	65	65.79	3.14	2.49
chr05.fs	177155	177280	126	31	76	61.15	3.33	2.37
chr05.fs	185898	186180	283	120	157	293.71	5.24	1.42
chr05.fs	191954	194440	2487	739	1975	2520.04	5.53	0.00
chr05.fs	201071	201265	195	127	99	76.83	3.36	2.46
chr05.fs	207403	207500	98	26	47	56.23	3.57	2.33
chr05.fs	225416	225648	233	174	121	201.93	4.56	1.94
chr05.fs	239677	239983	307	157	256	705.71	8.12	0.87
chr05.fs	242343	242681	339	98	185	54.61	2.29	2.31
chr05.fs	249505	249954	450	289	347	672.50	5.62	0.85
chr05.fs	250175	250229	55	31	50	157.54	7.35	2.03
chr05.fs	250242	250305	64	31	75	286.52	8.30	1.41
chr05.fs	250334	250614	281	61	236	622.87	6.06	1.19
chr05.fs	288327	288466	140	110	82	114.02	4.17	2.35
chr05.fs	288504	288621	118	63	52	53.01	3.45	2.35
chr05.fs	291348	291810	463	228	380	706.98	5.90	0.87
chr05.fs	311447	312039	593	209	395	260.86	3.19	1.56
chr05.fs	312070	312237	168	35	99	63.19	3.04	2.43
chr05.fs	322367	322544	178	62	88	113.56	4.45	2.34
chr05.fs	322668	322778	111	50	52	57.95	4.32	2.28
chr05.fs	327244	327568	325	156	210	219.67	3.00	1.82
chr05.fs	330489	330812	324	139	181	303.29	5.13	1.45
chr05.fs	349437	349973	537	269	516	809.01	4.68	0.50
chr05.fs	354984	355157	174	42	119	83.18	2.87	2.42
chr05.fs	408086	408205	120	65	58	72.84	3.90	2.55
chr05.fs	424612	425017	406	281	289	522.93	4.93	1.05
chr05.fs	431124	431480	357	158	233	229.98	4.03	1.87
chr05.fs	434403	434553	151	117	112	318.16	6.61	1.50
chr05.fs	434584	434653	70	30	57	181.37	7.29	1.99
chr05.fs	434941	435458	518	54	386	937.00	7.57	0.59
chr05.fs	435481	435759	279	257	176	394.69	6.61	1.76
chr05.fs	435804	435915	112	38	69	156.07	6.15	2.02
chr05.fs	437933	438189	257	69	121	89.70	2.97	2.17
chr05.fs	438610	438718	109	71	65	65.79	3.60	2.49
chr05.fs	438758	439148	391	115	345	935.01	6.31	0.59
chr05.fs	439297	439677	381	168	280	498.20	4.86	1.37
chr05.fs	440522	440817	296	105	165	310.38	5.01	1.47
chr05.fs	441896	442592	697	313	645	350.96	2.88	1.65
chr05.fs	443132	443209	78	57	34	52.10	4.79	2.32
chr05.fs	443247	443370	124	42	69	135.31	5.93	2.28
chr05.fs	461371	461734	364	274	223	270.01	3.55	1.59
chr05.fs	461812	462011	200	136	102	76.48	2.95	2.44
chr05.fs	482804	484090	1287	134	808	1001.98	4.96	0.64
chr05.fs	487218	487329	112	47	50	72.36	3.59	2.54
chr05.fs	491011	491481	471	215	358	479.33	3.89	1.34
chr05.fs	492200	492374	175	142	96	134.96	3.50	2.27
chr05.fs	492391	492460	70	31	40	76.34	4.64	2.43
chr05.fs	498391	498443	53	27	42	138.56	7.98	2.17
chr05.fs	498479	498740	262	29	224	638.73	6.56	1.20
chr05.fs	498746	498974	229	87	124	225.67	4.10	1.85
chr05.fs	506195	506565	371	244	275	576.67	5.00	1.13
chr05.fs	548922	549158	237	122	141	162.67	3.68	1.90
chr05.fs	551140	551307	168	87	85	56.44	2.41	2.34
chr05.fs	551328	551514	187	39	113	147.51	4.77	2.10
chr05.fs	558990	559479	490	193	428	730.07	5.56	0.91
chr05.fs	565994	566824	831	741	789	1371.71	4.68	0.00
chr05.fs	566834	567261	428	78	418	1171.39	7.34	0.76
chr05.fs	567330	567553	224	71	120	156.08	4.41	2.02
chr06.fs	26550	26640	91	25	42	68.07	3.65	2.44
chr06.fs	53485	53660	176	51	88	51.91	2.89	2.32
chr06.fs	75540	75775	236	50	123	59.21	2.41	2.33
chr06.fs	81899	84395	2497	468	2484	3100.00	4.51	0.00
chr06.fs	86359	86993	635	276	574	1857.00	8.57	0.00
chr06.fs	101300	101393	94	55	49	52.59	3.46	2.34
chr06.fs	149011	149312	302	142	176	318.77	4.01	1.51
chr06.fs	157987	158075	89	36	39	58.63	4.10	2.31
chr06.fs	162281	162376	96	31	51	83.26	4.26	2.43
chr06.fs	167365	167438	74	53	36	65.33	4.10	2.48
chr06.fs	191576	191699	124	61	74	148.21	5.84	2.11
chr06.fs	195755	196207	453	163	310	421.66	4.66	1.86
chr06.fs	204966	205117	152	106	79	111.36	3.81	2.33
chr06.fs	226726	226937	212	102	108	59.08	2.52	2.33
chr07.fs	23277	23439	163	115	68	50.39	3.15	2.38
chr07.fs	24944	25231	288	201	152	119.17	2.99	2.40
chr07.fs	45353	45566	214	72	119	112.40	2.95	2.33
chr07.fs	67484	68401	918	500	895	2188.18	6.09	0.00
chr07.fs	73757	73846	90	67	50	66.74	3.80	2.41
chr07.fs	73884	74007	124	29	65	54.28	3.08	2.30
chr07.fs	78405	78682	278	163	145	199.99	3.84	1.92
chr07.fs	115365	115505	141	114	72	127.71	4.10	2.37
chr07.fs	122115	122236	122	61	59	61.94	3.58	2.40
chr07.fs	130982	131142	161	98	80	72.89	2.89	2.55
chr07.fs	139707	140365	659	446	632	1764.72	7.10	0.00
chr07.fs	140500	140963	464	346	251	321.20	3.89	1.52
chr07.fs	141151	142319	1169	705	1262	3100.00	7.73	0.00
chr07.fs	148089	148621	533	133	340	471.32	4.30	1.32
chr07.fs	193782	194070	289	176	146	231.46	4.33	1.89
chr07.fs	205424	205558	135	76	73	84.54	4.26	2.45
chr07.fs	212418	213199	782	321	724	2341.56	8.83	0.00
chr07.fs	228996	229117	122	65	55	56.22	3.20	2.33
chr07.fs	270819	271306	488	158	299	108.83	2.80	2.28
chr07.fs	277545	277670	126	63	61	61.47	3.17	2.38
chr07.fs	287637	288078	442	151	352	869.06	6.45	0.54
chr07.fs	311226	311942	717	386	433	282.84	2.74	1.39
chr07.fs	318826	319483	658	494	542	909.61	5.28	0.57
chr07.fs	319607	319682	76	48	80	329.13	9.57	1.57
chr07.fs	319739	319806	68	38	85	286.17	7.02	1.40
chr07.fs	319831	320173	343	39	326	663.33	5.56	0.84
chr07.fs	330625	331032	408	235	301	551.31	4.43	1.10
chr07.fs	345242	345425	184	122	88	88.02	3.14	2.38
chr07.fs	345934	346552	619	135	337	318.06	3.57	1.50
chr07.fs	371215	371379	165	87	84	61.72	3.21	2.39
chr07.fs	384678	384999	322	146	167	111.35	2.64	2.32
chr07.fs	393031	393291	261	116	133	218.80	4.33	1.82
chr07.fs	398064	398189	126	58	62	64.59	3.34	2.46
chr07.fs	401257	401422	166	133	94	190.40	5.47	1.87
chr07.fs	401426	401542	117	35	125	503.03	7.75	1.38
chr07.fs	401573	401729	157	38	131	407.79	9.80	1.78
chr07.fs	401868	401979	112	35	88	264.17	8.66	1.57
chr07.fs	402337	402477	141	39	118	240.63	4.86	1.94
chr07.fs	402587	402971	385	208	324	420.79	3.56	1.85
chr07.fs	402981	403051	71	29	39	78.78	5.01	2.50
chr07.fs	403308	403472	165	89	121	136.38	3.74	2.30
chr07.fs	403491	403717	227	61	173	136.10	3.23	2.29
chr07.fs	405035	405083	49	28	28	66.98	5.47	2.41
chr07.fs	405170	405258	89	45	80	277.39	7.07	1.61
chr07.fs	405383	405478	96	55	133	237.19	3.88	1.92
chr07.fs	405525	405833	309	31	239	464.34	5.96	1.29
chr07.fs	405851	406001	151	54	61	54.98	3.02	2.31
chr07.fs	412204	412316	113	48	59	63.45	3.02	2.44
chr07.fs	412352	412497	146	22	72	63.21	4.28	2.43
chr07.fs	420878	421095	218	54	108	119.42	3.77	2.40
chr07.fs	422979	423089	111	82	65	142.67	6.15	2.22
chr07.fs	436315	436415	101	56	46	58.04	4.06	2.29
chr07.fs	436428	437380	953	682	762	1583.64	6.07	0.00
chr07.fs	440653	440746	94	63	46	58.18	4.16	2.29
chr07.fs	440789	440926	138	58	79	115.41	4.09	2.36
chr07.fs	441224	443021	1798	176	1267	374.38	2.37	1.70
chr07.fs	443123	443850	728	256	681	1215.98	5.37	0.79
chr07.fs	452143	452829	687	297	613	794.15	4.22	0.50
chr07.fs	479979	480355	377	166	230	138.66	2.58	2.18
chr07.fs	480795	482690	1896	1123	1294	491.35	2.59	1.35
chr07.fs	483275	483834	560	247	446	713.08	3.96	0.88
chr07.fs	516138	516676	539	262	438	832.61	4.96	0.53
chr07.fs	531544	531635	92	65	45	79.27	4.56	2.40
chr07.fs	541780	541873	94	72	46	66.41	3.65	2.40
chr07.fs	544491	544598	108	88	57	77.07	3.42	2.46
chr07.fs	544635	544747	113	56	57	97.58	4.56	2.15
chr07.fs	557744	557947	204	146	104	113.76	3.09	2.34
chr07.fs	561571	561678	108	63	55	73.39	3.80	2.56
chr07.fs	609779	610173	395	229	265	311.01	3.96	1.47
chr07.fs	648938	649066	129	66	64	105.00	4.88	2.23
chr07.fs	667180	667592	413	221	291	565.62	5.19	1.12
chr07.fs	682387	682874	488	219	425	1111.23	6.79	0.71
chr07.fs	700512	700973	462	150	337	222.98	2.80	1.84
chr07.fs	701018	701145	128	46	57	52.74	4.03	2.34
chr07.fs	701483	701919	437	200	363	612.37	4.76	1.18
chr07.fs	706778	707130	353	244	297	709.80	6.73	0.88
chr07.fs	707157	707216	60	31	67	230.78	7.78	1.88
chr07.fs	707733	707790	58	30	40	108.26	6.84	2.27
chr07.fs	707830	707885	56	27	29	55.68	5.70	2.32
chr07.fs	708144	708198	55	29	33	76.50	5.93	2.45
chr07.fs	708273	708341	69	33	44	64.57	4.21	2.45
chr07.fs	708350	708412	63	35	33	63.39	5.47	2.43
chr07.fs	709326	709382	57	31	29	54.24	4.10	2.30
chr07.fs	709711	709765	55	29	29	57.16	6.15	2.27
chr07.fs	710189	710251	63	33	34	72.67	4.79	2.55
chr07.fs	710892	711131	240	134	164	70.06	2.68	2.48
chr07.fs	712049	712105	57	31	39	104.79	6.61	2.22
chr07.fs	712528	712827	300	73	218	331.55	3.86	1.59
chr07.fs	731071	731160	90	61	44	51.89	3.28	2.32
chr07.fs	735770	736014	245	167	264	1064.48	9.35	0.67
chr07.fs	736294	736370	77	34	69	126.68	4.34	2.36
chr07.fs	736398	737176	779	85	562	876.46	4.51	0.55
chr07.fs	738976	739151	176	98	124	139.43	3.45	2.19
chr07.fs	739184	739381	198	34	127	67.29	3.16	2.42
chr07.fs	754841	755250	410	190	317	648.46	6.69	1.21
chr07.fs	766229	766520	292	78	153	226.50	5.67	1.85
chr07.fs	772010	772261	252	114	124	157.26	3.98	2.03
chr07.fs	774272	774376	105	58	52	72.58	4.58	2.54
chr07.fs	774414	774607	194	73	127	105.02	3.20	2.23
chr07.fs	779666	779814	149	34	77	121.89	4.43	2.44
chr07.fs	788341	788681	341	214	257	320.54	4.14	1.52
chr07.fs	823370	823505	136	101	98	178.83	5.62	1.96
chr07.fs	828661	828738	78	56	38	62.48	4.74	2.41
chr07.fs	828792	828869	78	22	35	52.10	3.65	2.32
chr07.fs	838792	839221	430	234	333	957.89	7.07	0.61
chr07.fs	843537	843723	187	107	96	118.91	3.20	2.39
chr07.fs	845096	845567	472	230	442	1322.82	6.70	0.00
chr07.fs	845577	845672	96	60	83	206.16	5.81	1.96
chr07.fs	845699	845886	188	60	128	135.77	3.42	2.29
chr07.fs	857484	857646	163	29	84	78.77	2.95	2.50
chr07.fs	859112	859258	147	124	59	52.50	3.26	2.33
chr07.fs	876324	876414	91	62	44	76.37	4.10	2.43
chr07.fs	877729	877962	234	73	113	76.05	3.06	2.43
chr07.fs	877965	878733	769	377	766	2364.60	6.88	0.00
chr07.fs	878808	879003	196	31	119	69.66	2.92	2.46
chr07.fs	882553	882837	285	252	168	232.03	3.59	1.89
chr07.fs	882861	883065	205	130	160	231.50	3.89	1.89
chr07.fs	883441	883789	349	170	279	148.53	2.82	2.12
chr07.fs	883802	884228	427	22	257	191.58	3.29	1.88
chr07.fs	902022	902196	175	53	91	139.80	4.52	2.20
chr07.fs	912465	912668	204	150	98	69.91	3.10	2.47
chr07.fs	931011	931114	104	24	54	101.70	4.79	2.19
chr07.fs	936242	936541	300	104	187	328.05	4.50	1.56
chr07.fs	939203	939317	115	50	52	78.54	5.01	2.48
chr07.fs	958189	959094	906	325	1011	3100.00	8.62	0.00
chr07.fs	959115	959411	297	50	150	100.19	2.48	2.18
chr07.fs	987259	987419	161	109	73	71.78	3.84	2.52
chr07.fs	987433	987669	237	96	137	174.29	3.97	1.94
chr07.fs	1000136	1000938	803	491	685	890.97	4.54	0.56
chr07.fs	1016884	1017424	541	234	511	842.48	4.40	0.54
chr07.fs	1025629	1026405	777	257	583	829.24	4.54	0.53
chr07.fs	1045187	1045362	176	100	85	131.10	3.65	2.25
chr07.fs	1066898	1067133	236	96	125	164.51	3.91	1.91
chr07.fs	1078357	1078488	132	104	66	110.01	5.93	2.30
chr07.fs	1078816	1078894	79	46	38	67.07	4.10	2.42
chr08.fs	7969	8360	392	220	373	1268.79	6.73	0.83
chr08.fs	34622	35022	401	103	248	110.15	2.56	2.30
chr08.fs	48163	48550	388	244	229	119.76	2.95	2.41
chr08.fs	114967	115531	565	293	434	1186.22	7.23	0.77
chr08.fs	115904	116117	214	143	125	146.81	3.68	2.10
chr08.fs	116149	116273	125	34	71	119.92	4.47	2.42
chr08.fs	122161	122533	373	192	217	136.73	2.77	2.16
chr08.fs	134196	134327	132	96	61	87.75	3.74	2.38
chr08.fs	144196	146248	2053	1980	1748	1639.54	3.51	0.00
chr08.fs	146280	146402	123	31	108	205.89	5.48	1.96
chr08.fs	146643	147044	402	248	324	755.09	5.41	0.94
chr08.fs	147164	147304	141	85	67	80.02	4.11	2.40
chr08.fs	147465	147638	174	46	89	82.57	2.97	2.42
chr08.fs	163982	164109	128	49	59	75.07	3.59	2.49
chr08.fs	174953	175402	450	232	315	320.50	3.69	1.52
chr08.fs	179716	179884	169	110	84	105.77	3.17	2.24
chr08.fs	207135	207512	378	143	205	289.55	4.92	1.41
chr08.fs	220094	220433	340	291	195	365.36	4.70	1.68
chr08.fs	220528	220945	418	146	309	786.49	5.60	0.99
chr08.fs	262543	262809	267	96	161	323.10	6.60	1.53
chr08.fs	264038	264372	335	181	227	555.72	6.38	1.11
chr08.fs	272437	274400	1964	1301	2179	3100.00	5.98	0.00
chr08.fs	276089	276216	128	73	61	51.05	2.87	2.39
chr08.fs	358252	358369	118	63	57	95.05	5.24	2.24
chr08.fs	358401	358501	101	66	43	60.24	3.42	2.36
chr08.fs	358563	358645	83	23	38	61.89	4.10	2.40
chr08.fs	375290	375714	425	238	336	634.61	4.38	1.20
chr08.fs	381700	381959	260	64	142	142.15	3.30	2.22
chr08.fs	383036	383232	197	147	95	124.18	4.06	2.47
chr08.fs	385728	386477	750	602	436	180.73	2.46	1.98
chr08.fs	401060	401496	437	184	355	730.32	5.70	0.91
chr08.fs	411413	411516	104	42	45	60.07	4.17	2.35
chr08.fs	431995	432573	579	338	467	1330.94	7.07	0.00
chr08.fs	451403	451750	348	290	252	208.52	2.80	1.98
chr08.fs	452094	452198	105	84	67	128.83	4.40	2.38
chr08.fs	452249	452396	148	119	103	66.27	2.69	2.50
chr08.fs	466497	466613	117	81	64	93.27	4.13	2.22
chr08.fs	466648	467234	587	274	604	1318.00	5.83	0.00
chr08.fs	475562	475731	170	132	109	133.03	4.07	2.26
chr08.fs	475751	475940	190	32	128	206.58	5.11	1.96
chr08.fs	508411	509318	908	662	749	1828.58	7.33	0.00
chr08.fs	548694	548747	54	26	27	54.11	5.24	2.29
chr09.fs	20560	20636	77	41	41	57.03	3.97	2.26
chr09.fs	20669	20918	250	173	312	1198.81	7.54	0.78
chr09.fs	21037	21104	68	31	49	137.53	6.15	2.16
chr09.fs	21712	21788	77	30	52	87.41	4.23	2.37
chr09.fs	23618	24199	582	517	417	169.01	2.57	1.92
chr09.fs	24966	25405	440	297	276	162.64	2.86	1.90
chr09.fs	84930	85110	181	106	85	88.51	3.12	2.28
chr09.fs	127649	128104	456	188	382	608.94	4.58	1.17
chr09.fs	138184	138976	793	313	634	1872.37	6.84	0.00
chr09.fs	141202	141469	268	56	140	143.45	3.17	2.23
chr09.fs	141533	142100	568	315	521	1751.46	8.76	0.00
chr09.fs	174869	175049	181	154	132	108.28	3.14	2.27
chr09.fs	175084	175541	458	226	398	829.17	4.61	0.53
chr09.fs	197508	197607	100	72	54	107.84	4.79	2.26
chr09.fs	204540	204633	94	38	39	53.11	3.42	2.36
chr09.fs	204809	205242	434	349	398	1208.94	7.94	0.78
chr09.fs	205752	205806	55	28	41	121.04	7.52	2.43
chr09.fs	205846	205903	58	29	31	61.79	5.70	2.39
chr09.fs	205909	205966	58	29	38	97.13	7.07	2.15
chr09.fs	206163	206218	56	26	35	69.85	4.73	2.47
chr09.fs	206368	206430	63	34	38	67.47	4.94	2.43
chr09.fs	206503	206560	58	31	31	61.79	5.24	2.39
chr09.fs	206770	206826	57	30	32	68.09	5.47	2.44
chr09.fs	207041	207122	82	34	56	137.18	5.41	2.16
chr09.fs	208989	209391	403	129	269	59.48	2.59	2.34
chr09.fs	210036	210119	84	56	39	64.70	6.38	2.46
chr09.fs	210144	210200	57	27	39	57.83	4.06	2.28
chr09.fs	210621	210688	68	39	55	174.10	7.07	1.94
chr09.fs	210717	210877	161	96	102	94.55	2.99	2.22
chr09.fs	214481	214635	155	49	76	78.69	3.28	2.49
chr09.fs	237540	237802	263	109	141	195.60	4.73	1.90
chr09.fs	248688	248872	185	146	127	149.80	4.46	1.96
chr09.fs	248910	249408	499	237	390	762.43	4.76	0.96
chr09.fs	267800	268238	439	175	348	409.06	3.97	1.79
chr09.fs	283421	283706	286	170	139	148.35	3.40	2.12
chr09.fs	284486	285504	1019	664	930	2786.29	8.18	0.00
chr09.fs	293782	293904	123	47	61	105.25	5.01	2.23
chr09.fs	321248	324320	3073	858	3238	3100.00	4.57	0.00
chr09.fs	324345	324940	596	33	683	1579.44	5.63	0.00
chr09.fs	324952	325138	187	26	130	217.39	4.38	1.81
chr09.fs	325144	325769	626	561	543	1328.36	6.88	0.00
chr09.fs	325806	325934	129	24	81	158.36	4.87	2.04
chr09.fs	336186	336361	176	137	105	141.61	3.75	2.21
chr09.fs	336397	336490	94	44	47	63.72	3.77	2.44
chr09.fs	371270	371575	306	239	184	323.88	5.48	1.54
chr09.fs	376509	376607	99	37	44	66.30	3.65	2.50
chr09.fs	386253	387027	775	316	857	2792.98	6.89	0.00
chr09.fs	387263	387613	351	57	191	259.77	3.90	1.55
chr09.fs	394818	395032	215	132	110	183.95	4.10	2.00
chr09.fs	395140	395251	112	63	52	66.59	3.45	2.41
chr10.fs	32284	32791	508	214	372	474.89	3.80	1.33
chr10.fs	59156	59273	118	29	61	59.49	3.32	2.34
chr10.fs	68950	69141	192	155	90	103.42	3.63	2.20
chr10.fs	73129	73429	301	249	154	188.53	3.77	1.86
chr10.fs	73835	74010	176	51	87	83.78	3.17	2.44
chr10.fs	74158	74383	226	121	138	76.64	2.58	2.46
chr10.fs	100763	102396	1634	1257	1645	2930.09	4.87	0.00
chr10.fs	113139	113507	369	177	263	408.45	4.32	1.79
chr10.fs	115423	115952	530	486	623	2470.53	8.31	0.00
chr10.fs	115985	116273	289	32	190	320.45	4.67	1.51
chr10.fs	120491	120789	299	188	211	122.48	2.84	2.45
chr10.fs	121067	121475	409	341	273	76.48	2.41	2.44
chr10.fs	123083	123640	558	155	365	462.36	4.10	1.28
chr10.fs	123814	124647	834	719	469	226.76	2.75	1.86
chr10.fs	124990	126138	1149	628	723	696.10	3.82	0.86
chr10.fs	126140	127098	959	428	924	2848.81	8.50	0.00
chr10.fs	136279	136503	225	106	108	57.17	2.68	2.27
chr10.fs	139389	140005	617	204	365	139.07	2.52	2.19
chr10.fs	160046	160293	248	113	150	214.38	4.40	1.80
chr10.fs	173506	173774	269	160	143	96.63	2.49	2.26
chr10.fs	181800	182186	387	202	241	238.19	3.52	1.94
chr10.fs	195410	195669	260	157	134	158.49	4.34	2.04
chr10.fs	197074	197329	256	199	220	670.36	6.70	0.84
chr10.fs	197357	197568	212	124	270	1244.84	9.80	0.81
chr10.fs	204553	204751	199	163	98	97.60	3.70	2.16
chr10.fs	218694	218807	114	55	51	50.00	3.33	2.37
chr10.fs	219798	220561	764	382	589	1310.42	5.28	0.00
chr10.fs	223974	224181	208	64	111	155.88	4.15	2.02
chr10.fs	225442	225623	182	63	86	101.67	3.64	2.19
chr10.fs	227771	228237	467	218	278	230.06	3.24	1.88
chr10.fs	233819	233970	152	104	83	63.75	3.14	2.45
chr10.fs	279694	279959	266	220	130	87.41	3.05	2.37
chr10.fs	286868	287194	327	200	165	191.78	3.71	1.88
chr10.fs	293641	294577	937	459	799	1161.59	4.82	0.75
chr10.fs	299232	299314	83	51	36	50.68	3.74	2.39
chr10.fs	321297	321479	183	62	92	151.05	4.79	1.98
chr10.fs	348835	349174	340	212	228	452.52	4.94	1.59
chr10.fs	354116	354259	144	110	89	204.53	5.24	1.95
chr10.fs	355273	355378	106	81	62	136.52	6.15	2.31
chr10.fs	355513	355596	84	22	40	61.75	4.21	2.39
chr10.fs	374574	374697	124	31	71	144.85	5.01	2.08
chr10.fs	391084	391252	169	31	89	103.54	3.30	2.21
chr10.fs	396637	396729	93	64	42	65.61	4.33	2.48
chr10.fs	422842	422955	114	53	60	82.78	3.96	2.42
chr10.fs	424491	424609	119	38	66	65.79	3.30	2.49
chr10.fs	465545	466124	580	272	418	418.75	4.15	1.85
chr10.fs	508816	509078	263	126	165	335.15	4.64	1.60
chr10.fs	516058	516188	131	26	58	57.99	3.71	2.29
chr10.fs	517862	517975	114	56	58	89.49	3.93	2.17
chr10.fs	529783	530125	343	131	237	506.90	5.86	1.39
chr10.fs	531681	531844	164	128	105	89.13	3.33	2.29
chr10.fs	531880	532052	173	58	92	83.65	3.41	2.43
chr10.fs	535677	536034	358	196	281	769.62	6.49	0.97
chr10.fs	538463	538674	212	78	110	55.10	2.30	2.32
chr10.fs	541411	541516	106	71	59	76.40	3.27	2.44
chr10.fs	541567	541741	175	54	101	155.04	4.67	2.01
chr10.fs	542850	542962	113	59	57	88.66	3.98	2.28
chr10.fs	543010	543109	100	22	53	89.74	4.72	2.18
chr10.fs	571807	572318	512	260	467	984.57	5.66	0.62
chr10.fs	604193	604467	275	133	145	186.08	3.96	2.02
chr10.fs	611425	611589	165	131	82	64.81	2.69	2.46
chr10.fs	617822	617935	114	66	63	59.70	3.31	2.34
chr10.fs	620989	621354	366	141	198	105.95	2.71	2.24
chr10.fs	641985	642304	320	136	214	330.13	4.06	1.58
chr10.fs	652104	652369	266	215	140	56.98	2.39	2.26
chr10.fs	664012	664260	249	128	168	143.89	3.14	2.23
chr10.fs	703438	703748	311	79	160	61.61	2.35	2.39
chr10.fs	704579	705175	597	313	476	757.32	5.42	0.95
chr10.fs	716869	717120	252	162	119	106.91	2.77	2.25
chr10.fs	724009	724685	677	413	673	2217.33	8.32	0.00
chr11.fs	7681	8121	441	309	403	1319.07	7.63	0.00
chr11.fs	8672	8788	117	57	54	84.03	4.79	2.44
chr11.fs	45704	45797	94	28	44	54.08	3.10	2.29
chr11.fs	46243	46557	315	91	177	147.91	3.17	2.11
chr11.fs	46691	46911	221	41	102	123.69	3.55	2.46
chr11.fs	67880	68080	201	133	107	94.64	3.02	2.23
chr11.fs	74533	74653	121	83	63	53.87	3.19	2.29
chr11.fs	74684	74787	104	38	50	58.01	3.06	2.29
chr11.fs	84018	84239	222	157	157	315.26	4.87	1.49
chr11.fs	84273	85192	920	241	824	2061.56	6.77	0.00
chr11.fs	99693	99957	265	133	157	103.95	2.57	2.21
chr11.fs	109566	109675	110	59	48	59.65	4.43	2.34
chr11.fs	119994	120376	383	224	259	510.30	5.28	1.39
chr11.fs	140907	141045	139	83	72	127.61	4.04	2.37
chr11.fs	141986	142228	243	186	109	57.10	2.35	2.26
chr11.fs	146955	147126	172	52	83	67.43	3.13	2.43
chr11.fs	162408	162505	98	61	50	76.64	4.26	2.45
chr11.fs	163394	164008	615	381	374	113.98	2.32	2.35
chr11.fs	164029	164325	297	62	164	52.43	2.04	2.33
chr11.fs	200376	202313	1938	1452	1838	2251.94	3.77	0.00
chr11.fs	202600	202665	66	31	71	232.23	7.66	1.90
chr11.fs	202697	203148	452	142	562	1820.43	6.56	0.00
chr11.fs	219321	219564	244	169	134	159.84	3.55	1.88
chr11.fs	219599	219731	133	24	65	64.85	3.28	2.46
chr11.fs	230850	231209	360	295	212	354.68	4.26	1.67
chr11.fs	245204	245632	429	290	308	659.13	5.28	1.24
chr11.fs	245809	246153	345	180	170	75.41	2.84	2.51
chr11.fs	258047	259187	1141	590	1229	3100.00	7.45	0.00
chr11.fs	260039	260199	161	80	82	124.86	3.57	2.49
chr11.fs	307670	307783	114	61	53	62.93	3.32	2.42
chr11.fs	322114	322346	233	124	115	132.00	3.52	2.25
chr11.fs	326574	327021	448	240	256	55.29	1.97	2.32
chr11.fs	355019	355400	382	223	216	240.91	3.75	1.94
chr11.fs	355462	356095	634	368	418	756.07	5.05	0.95
chr11.fs	357707	357977	271	149	182	390.53	6.07	1.74
chr11.fs	378852	379344	493	379	627	2020.48	6.52	0.00
chr11.fs	379372	379568	197	29	145	179.55	4.74	1.97
chr11.fs	385252	385874	623	289	600	1287.45	5.86	0.85
chr11.fs	396429	396859	431	255	372	747.06	5.12	0.93
chr11.fs	398398	398753	356	195	221	476.73	7.98	1.33
chr11.fs	434839	434967	129	64	61	75.98	3.78	2.42
chr11.fs	437273	437487	215	55	107	62.89	3.07	2.42
chr11.fs	458106	458205	100	80	49	85.44	3.88	2.35
chr11.fs	463021	463947	927	488	950	2330.51	5.92	0.00
chr11.fs	471088	471539	452	231	340	945.23	6.61	0.60
chr11.fs	486103	486451	349	197	229	286.37	4.35	1.40
chr11.fs	490672	490775	104	59	47	72.08	4.10	2.53
chr11.fs	506477	506779	303	63	169	186.86	3.70	2.03
chr11.fs	513027	513128	102	45	50	65.16	3.67	2.47
chr11.fs	513850	513992	143	93	67	58.65	3.34	2.32
chr11.fs	516677	517121	445	335	562	2450.16	8.83	0.00
chr11.fs	517401	517651	251	206	222	526.24	5.79	1.06
chr11.fs	517688	518983	1296	836	1259	1891.39	4.93	0.00
chr11.fs	519164	520230	1067	481	794	211.09	2.51	1.99
chr11.fs	558467	558656	190	169	84	61.26	3.05	2.38
chr11.fs	560382	560852	471	309	362	992.23	6.21	0.63
chr11.fs	578693	578793	101	22	56	86.01	3.69	2.35
chr11.fs	610699	610798	100	34	45	54.01	3.20	2.29
chr11.fs	613884	614846	963	314	773	1150.32	5.69	0.74
chr11.fs	618407	618518	112	55	49	52.89	2.96	2.35
chr11.fs	645132	645243	112	79	53	75.49	3.59	2.51
chr11.fs	648882	649421	540	369	416	893.90	4.75	0.56
chr11.fs	664884	665168	285	218	189	473.91	6.38	1.32
chr11.fs	665232	665321	90	36	40	53.40	3.38	2.37
chr12.fs	49414	49810	397	211	227	315.32	4.37	1.49
chr12.fs	65552	65670	119	34	53	56.61	2.79	2.34
chr12.fs	66203	66720	518	234	435	835.58	5.12	0.53
chr12.fs	86934	87046	113	55	50	71.21	4.04	2.50
chr12.fs	92431	92568	138	109	69	78.72	3.46	2.49
chr12.fs	95557	95846	290	148	160	73.93	2.51	2.47
chr12.fs	97163	97426	264	25	145	51.75	2.49	2.40
chr12.fs	97629	97815	187	71	83	75.75	2.91	2.52
chr12.fs	160791	161166	376	202	244	563.71	5.70	1.11
chr12.fs	167833	167954	122	103	60	98.12	4.10	2.16
chr12.fs	168002	168515	514	302	517	1736.02	7.36	0.00
chr12.fs	197036	197496	461	237	241	71.64	2.40	2.51
chr12.fs	198722	199652	931	440	592	201.05	2.59	1.93
chr12.fs	202002	202282	281	148	165	96.00	2.76	2.25
chr12.fs	206617	206755	139	57	70	82.11	3.30	2.41
chr12.fs	214930	215029	100	32	45	65.13	3.88	2.47
chr12.fs	230600	230862	263	130	153	119.26	2.92	2.40
chr12.fs	230936	231188	253	170	135	180.97	3.88	1.98
chr12.fs	232267	233697	1431	840	1045	650.90	2.88	1.22
chr12.fs	233710	234105	396	48	278	71.45	2.16	2.51
chr12.fs	234574	235180	607	327	530	825.58	4.49	0.52
chr12.fs	247888	248273	386	181	284	616.02	6.50	1.18
chr12.fs	253239	253559	321	253	173	100.00	2.64	2.18
chr12.fs	271749	272078	330	162	244	333.78	3.71	1.60
chr12.fs	281788	282000	213	132	137	234.99	4.95	1.91
chr12.fs	282971	283529	559	397	371	271.23	2.82	1.60
chr12.fs	320589	320918	330	216	196	307.33	4.61	1.46
chr12.fs	329388	329704	317	121	168	179.46	3.88	1.97
chr12.fs	340940	341189	250	146	124	71.88	2.82	2.52
chr12.fs	342982	343946	965	285	908	2196.49	6.60	0.00
chr12.fs	348161	348302	142	55	67	68.93	3.19	2.46
chr12.fs	366159	366397	239	128	147	88.85	3.00	2.28
chr12.fs	368944	369478	535	214	340	205.30	3.00	1.95
chr12.fs	369483	370255	773	434	603	141.47	2.41	2.20
chr12.fs	370372	371077	706	242	614	1144.13	5.17	0.73
chr12.fs	373585	374027	443	407	334	728.57	6.68	0.90
chr12.fs	374204	374298	95	30	92	341.19	7.75	1.62
chr12.fs	374306	374375	70	39	60	185.35	7.18	2.01
chr12.fs	374416	374594	179	126	107	76.36	2.48	2.43
chr12.fs	384891	385004	114	53	52	74.84	4.18	2.49
chr12.fs	387300	388260	961	166	532	340.33	2.73	1.61
chr12.fs	388279	388678	400	206	345	593.47	5.05	1.15
chr12.fs	407648	407994	347	202	215	429.18	5.36	1.87
chr12.fs	415329	415703	375	233	244	454.21	5.86	1.60
chr12.fs	424121	424407	287	211	167	70.72	2.29	2.49
chr12.fs	427195	427294	100	49	47	54.19	3.58	2.30
chr12.fs	434155	434399	245	65	115	107.25	3.03	2.25
chr12.fs	448301	448678	378	196	321	720.53	4.60	0.89
chr12.fs	448706	448801	96	35	49	60.25	3.52	2.36
chr12.fs	449601	449725	125	66	54	72.64	3.59	2.54
chr12.fs	489452	489628	177	22	99	50.99	2.37	2.39
chr12.fs	494472	494754	283	133	154	134.44	3.42	2.27
chr12.fs	522226	522495	270	116	173	238.01	4.29	1.93
chr12.fs	523103	523387	285	97	189	347.02	4.73	1.64
chr12.fs	569388	569624	237	59	109	159.30	3.88	2.05
chr12.fs	573174	573722	549	218	515	1403.06	7.05	0.00
chr12.fs	603026	603162	137	73	66	57.81	3.02	2.28
chr12.fs	603688	603980	293	112	189	186.72	3.19	2.02
chr12.fs	605196	605345	150	98	81	109.02	3.70	2.28
chr12.fs	637012	637604	593	375	331	151.71	2.67	1.98
chr12.fs	637820	638129	310	145	159	57.66	2.45	2.28
chr12.fs	645862	646161	300	200	142	135.35	3.26	2.28
chr12.fs	649864	650073	210	131	110	101.98	3.13	2.20
chr12.fs	651116	651179	64	33	53	176.58	7.88	1.95
chr12.fs	656762	656963	202	140	174	571.63	6.61	1.12
chr12.fs	656984	657928	945	100	895	2469.41	8.05	0.00
chr12.fs	677170	677336	167	109	87	112.15	3.77	2.33
chr12.fs	687772	687876	105	54	55	104.72	4.33	2.22
chr12.fs	687919	688014	96	22	47	63.72	3.65	2.44
chr12.fs	688260	688476	217	108	139	325.88	5.47	1.55
chr12.fs	693425	693727	303	31	153	223.41	3.52	1.84
chr12.fs	693730	694298	569	249	393	1032.89	7.07	0.65
chr12.fs	708447	710038	1592	1319	966	468.48	2.85	1.31
chr12.fs	710460	710905	446	126	301	491.79	5.06	1.36
chr12.fs	713067	713274	208	51	108	169.90	4.17	1.92
chr12.fs	728127	728758	632	357	639	1459.24	5.42	0.00
chr12.fs	729193	730230	1038	260	593	415.09	2.99	1.82
chr12.fs	732003	732101	99	71	53	91.79	4.52	2.20
chr12.fs	734695	734824	130	60	74	122.21	4.31	2.45
chr12.fs	757135	757393	259	117	168	391.59	5.47	1.75
chr12.fs	784242	784377	136	98	72	74.01	3.18	2.47
chr12.fs	784433	784558	126	24	72	97.00	3.55	2.27
chr12.fs	789774	790604	831	381	813	2523.32	7.85	0.00
chr12.fs	790984	791431	448	362	230	150.71	3.17	1.98
chr12.fs	793213	793942	730	432	925	2461.77	5.41	0.00
chr12.fs	793969	794162	194	64	107	157.89	3.98	2.03
chr12.fs	794172	794589	418	299	249	374.34	4.78	1.70
chr12.fs	794596	794722	127	62	62	73.52	3.39	2.57
chr12.fs	797071	797196	126	61	73	72.21	3.25	2.53
chr12.fs	797229	797338	110	38	65	84.63	3.69	2.45
chr12.fs	809204	809554	351	207	223	422.59	4.45	1.86
chr12.fs	818518	818766	249	162	150	119.95	2.84	2.43
chr12.fs	838110	839253	1144	533	791	671.73	3.39	0.85
chr12.fs	839290	839706	417	253	229	229.02	3.96	1.87
chr12.fs	877768	878340	573	295	521	1278.31	7.39	0.85
chr12.fs	928667	929157	491	257	310	597.96	4.55	1.15
chr12.fs	954177	954940	764	180	447	448.77	3.42	1.59
chr12.fs	958421	958784	364	212	232	523.80	5.93	1.06
chr12.fs	1004528	1004659	132	79	62	76.00	3.59	2.42
chr12.fs	1029201	1029517	317	164	181	55.80	2.20	2.33
chr12.fs	1038866	1038993	128	59	61	54.92	2.89	2.31
chr12.fs	1039054	1039197	144	93	63	68.77	3.93	2.45
chr12.fs	1039521	1039808	288	63	141	104.63	2.88	2.22
chr12.fs	1040165	1041022	858	338	528	488.09	3.23	1.35
chr12.fs	1041243	1041875	633	227	474	574.26	4.60	1.12
chr12.fs	1043408	1043893	486	198	477	1748.14	8.66	0.00
chr12.fs	1055042	1055285	244	189	114	199.50	3.88	1.92
chr13.fs	5514	5561	48	24	26	58.79	5.01	2.32
chr13.fs	13560	13651	92	25	41	51.91	3.08	2.32
chr13.fs	118690	119058	369	199	224	468.15	6.15	1.30
chr13.fs	131751	131838	88	61	39	59.80	3.88	2.35
chr13.fs	131880	131986	107	43	55	92.97	5.01	2.21
chr13.fs	159160	159410	251	58	124	147.68	3.39	2.11
chr13.fs	163733	163963	231	160	137	284.34	5.01	1.40
chr13.fs	180068	180241	174	151	81	90.70	3.45	2.18
chr13.fs	180266	180625	360	203	195	198.63	3.41	1.91
chr13.fs	180651	181815	1165	670	1067	2792.61	7.23	0.00
chr13.fs	183719	183925	207	147	180	596.51	7.75	1.15
chr13.fs	183945	184147	203	81	150	234.59	4.59	1.91
chr13.fs	190264	190457	194	65	86	118.92	3.89	2.39
chr13.fs	193948	194468	521	223	494	1125.89	5.74	0.72
chr13.fs	196000	196088	89	57	38	54.84	5.01	2.31
chr13.fs	196149	196346	198	45	110	154.74	3.61	2.01
chr13.fs	245861	246322	462	179	309	530.54	4.72	1.07
chr13.fs	253295	253611	317	243	196	246.74	4.12	1.97
chr13.fs	259222	259365	144	71	85	109.41	3.55	2.29
chr13.fs	259734	260129	396	232	300	658.04	5.84	1.23
chr13.fs	260282	260548	267	81	143	235.06	4.13	1.91
chr13.fs	288291	288802	512	453	302	341.29	3.79	1.62
chr13.fs	297668	297832	165	50	80	68.70	3.06	2.45
chr13.fs	298021	298229	209	91	117	174.97	3.91	1.94
chr13.fs	302666	302998	333	210	244	345.41	3.67	1.64
chr13.fs	306142	306915	774	565	603	658.20	4.05	1.24
chr13.fs	309598	309936	339	219	163	286.38	5.47	1.41
chr13.fs	318291	318538	248	113	131	94.65	2.87	2.23
chr13.fs	320982	321165	184	49	82	128.80	3.96	2.37
chr13.fs	321202	321296	95	31	40	50.43	3.24	2.38
chr13.fs	321780	322077	298	72	181	330.47	5.09	1.59
chr13.fs	352183	352302	120	53	63	59.70	2.85	2.34
chr13.fs	352524	352726	203	41	98	84.03	2.41	2.44
chr13.fs	362939	363087	149	48	86	68.00	3.01	2.44
chr13.fs	372306	372465	160	123	91	150.31	4.17	1.97
chr13.fs	372497	372588	92	34	44	64.57	4.32	2.45
chr13.fs	379387	379497	111	48	52	74.15	4.26	2.48
chr13.fs	388155	388594	440	105	263	206.73	2.91	1.97
chr13.fs	399190	400425	1236	634	1237	3100.00	8.28	0.00
chr13.fs	408357	408764	408	251	220	162.41	2.97	1.89
chr13.fs	410283	410756	474	265	345	709.75	6.01	0.88
chr13.fs	420417	420601	185	163	93	70.68	2.88	2.49
chr13.fs	433611	433885	275	212	172	280.17	4.65	1.38
chr13.fs	462903	463216	314	212	241	691.39	6.61	0.86
chr13.fs	463411	463569	159	63	102	199.73	4.34	1.92
chr13.fs	463605	463763	159	94	93	187.54	4.70	2.03
chr13.fs	471734	472041	308	212	172	310.03	4.92	1.46
chr13.fs	481979	482325	347	158	227	464.45	5.13	1.29
chr13.fs	488675	488819	145	41	64	68.17	3.65	2.45
chr13.fs	496966	497188	223	181	106	71.31	2.92	2.50
chr13.fs	510841	511685	845	122	531	190.83	2.22	1.87
chr13.fs	540323	540818	496	130	344	505.42	4.16	1.38
chr13.fs	572937	573027	91	47	44	74.05	4.03	2.47
chr13.fs	586522	586648	127	64	68	86.18	3.58	2.35
chr13.fs	589516	590405	890	275	773	2038.38	7.65	0.00
chr13.fs	611871	612141	271	92	163	348.03	4.79	1.65
chr13.fs	625618	626279	662	220	541	1442.33	6.96	0.00
chr13.fs	626298	626461	164	55	71	60.90	2.64	2.37
chr13.fs	626898	627014	117	57	57	84.60	3.38	2.45
chr13.fs	628038	628554	517	263	455	819.16	4.99	0.51
chr13.fs	632245	632332	88	35	38	55.96	3.42	2.33
chr13.fs	634188	634309	122	87	54	66.24	3.43	2.50
chr13.fs	652556	652815	260	126	180	337.92	6.01	1.60
chr13.fs	659266	660462	1197	423	1257	2896.61	5.85	0.00
chr13.fs	660486	662281	1796	1138	1226	341.51	2.41	1.63
chr13.fs	701464	702021	558	332	480	1035.61	5.94	0.66
chr13.fs	732150	732401	252	144	150	311.89	5.24	1.48
chr13.fs	735955	737807	1853	746	1950	3100.00	7.69	0.00
chr13.fs	738106	738906	801	334	467	212.02	2.76	2.00
chr13.fs	738913	739164	252	96	145	242.90	4.91	1.95
chr13.fs	747727	747907	181	156	107	218.44	5.01	1.81
chr13.fs	747937	748431	495	253	431	1396.46	6.84	0.00
chr13.fs	751066	751241	176	66	84	58.42	2.72	2.30
chr13.fs	751331	751597	267	49	124	125.90	3.16	2.35
chr13.fs	758764	759276	513	242	402	294.96	3.42	1.43
chr13.fs	768274	768380	107	66	52	53.01	3.13	2.35
chr13.fs	774334	774540	207	69	111	87.22	2.87	2.36
chr13.fs	791845	791949	105	66	44	53.42	3.23	2.37
chr13.fs	798069	798209	141	119	57	53.18	3.03	2.36
chr13.fs	808206	808395	190	154	91	74.65	2.89	2.48
chr13.fs	837835	837944	110	74	57	59.35	3.48	2.33
chr13.fs	858688	859092	405	203	335	552.75	4.99	1.10
chr13.fs	872657	872936	280	96	173	165.63	3.42	1.91
chr13.fs	879063	881108	2046	1439	2073	3100.00	6.19	0.00
chr14.fs	63825	63967	143	84	84	84.84	3.32	2.46
chr14.fs	64835	65209	375	216	278	749.87	8.09	0.94
chr14.fs	68428	68951	524	178	327	547.86	4.20	1.09
chr14.fs	87417	87676	260	134	151	188.66	4.31	1.86
chr14.fs	89002	89726	725	209	502	656.77	3.92	1.23
chr14.fs	96133	96259	127	75	82	91.44	3.53	2.20
chr14.fs	96284	96490	207	44	128	75.34	3.48	2.50
chr14.fs	102497	102741	245	194	328	1244.85	7.41	0.82
chr14.fs	102782	102940	159	36	107	265.60	4.79	1.58
chr14.fs	103590	103795	206	32	101	68.35	2.68	2.45
chr14.fs	104651	104828	178	125	128	233.07	4.92	1.90
chr14.fs	104854	105034	181	29	125	209.36	4.75	1.99
chr14.fs	106959	107677	719	281	691	1687.36	6.66	0.00
chr14.fs	107840	108129	290	125	143	58.10	2.44	2.29
chr14.fs	110366	113140	2775	417	3088	3100.00	5.10	0.00
chr14.fs	128872	129425	554	321	607	2036.66	7.54	0.00
chr14.fs	173878	174164	287	112	143	91.27	2.79	2.19
chr14.fs	174292	174570	279	133	133	72.93	2.79	2.56
chr14.fs	201364	202044	681	359	679	1646.11	5.90	0.00
chr14.fs	227916	228198	283	184	168	270.92	4.82	1.59
chr14.fs	229850	230006	157	48	76	63.17	2.97	2.43
chr14.fs	230229	230367	139	41	66	88.24	3.93	2.27
chr14.fs	241326	241887	562	247	519	1164.74	6.64	0.75
chr14.fs	253609	253748	140	102	67	107.29	3.64	2.25
chr14.fs	253876	255032	1157	244	948	1532.55	5.78	0.00
chr14.fs	275753	276543	791	420	820	2393.47	7.34	0.00
chr14.fs	276652	277370	719	481	430	299.26	3.11	1.44
chr14.fs	278210	278456	247	44	116	70.67	2.56	2.48
chr14.fs	301576	302260	685	292	746	1946.53	6.18	0.00
chr14.fs	302737	303134	398	258	228	85.22	2.29	2.46
chr14.fs	317831	318145	315	92	167	99.80	2.57	2.17
chr14.fs	351837	352848	1012	327	1082	3100.00	7.99	0.00
chr14.fs	360073	360577	505	81	335	294.65	3.03	1.43
chr14.fs	360872	361289	418	207	306	499.83	4.48	1.37
chr14.fs	392388	392610	223	163	115	97.62	3.36	2.16
chr14.fs	424313	424893	581	337	579	1499.64	6.21	0.00
chr14.fs	424936	425209	274	122	159	119.90	3.19	2.41
chr14.fs	426849	427401	553	302	453	955.48	5.60	0.61
chr14.fs	440857	441033	177	81	95	77.18	2.84	2.47
chr14.fs	442549	443015	467	446	355	653.92	4.68	1.22
chr14.fs	448354	448567	214	52	102	91.54	2.89	2.20
chr14.fs	448577	448825	249	64	135	209.34	4.35	1.98
chr14.fs	499575	499782	208	160	102	89.39	2.80	2.17
chr14.fs	500034	500221	188	72	101	96.56	3.41	2.26
chr14.fs	500228	500398	171	105	92	95.54	3.35	2.24
chr14.fs	500498	500736	239	174	139	177.98	4.00	1.95
chr14.fs	525150	525677	528	256	466	1242.83	7.16	0.81
chr14.fs	529215	530214	1000	401	919	2015.73	6.14	0.00
chr14.fs	546023	546765	743	461	949	2834.34	6.22	0.00
chr14.fs	547051	547113	63	34	52	98.37	5.32	2.17
chr14.fs	547172	547527	356	156	232	386.72	4.43	1.73
chr14.fs	560741	560931	191	49	102	61.27	2.50	2.38
chr14.fs	568019	568130	112	55	62	75.92	3.04	2.41
chr14.fs	568196	568295	100	33	50	63.15	3.84	2.42
chr14.fs	568316	568401	86	30	39	62.20	4.33	2.40
chr14.fs	572970	573023	54	30	32	78.34	5.24	2.48
chr14.fs	582036	582313	278	64	159	220.45	3.67	1.83
chr14.fs	585097	585340	244	78	125	75.06	3.09	2.49
chr14.fs	586149	586346	198	56	102	100.67	4.18	2.19
chr14.fs	602195	602336	142	28	87	88.02	2.86	2.38
chr14.fs	631757	631868	112	75	63	91.32	4.00	2.19
chr14.fs	631893	632065	173	46	86	110.97	4.55	2.32
chr14.fs	640878	641300	423	220	299	413.67	4.22	1.81
chr14.fs	657772	658065	294	164	187	338.71	5.28	1.61
chr14.fs	702565	704329	1765	949	2014	3150.50	4.38	0.00
chr14.fs	704359	706183	1825	633	1872	245.44	1.90	1.96
chr14.fs	725898	726147	250	223	241	878.21	7.07	0.56
chr14.fs	726191	726299	109	38	143	590.51	8.25	1.14
chr14.fs	726399	726451	53	30	40	119.91	7.29	2.42
chr14.fs	726548	726666	119	62	105	248.70	5.02	1.75
chr14.fs	726922	727152	231	54	146	118.00	3.56	2.38
chr14.fs	736722	737160	439	199	328	496.12	4.98	1.36
chr14.fs	738229	738778	550	225	400	1040.25	5.84	0.66
chr14.fs	739471	739637	167	123	86	144.01	3.82	2.07
chr14.fs	766877	766980	104	58	44	59.01	3.82	2.33
chr14.fs	772011	772280	270	86	159	220.45	3.92	1.83
chr15.fs	3543	3797	255	182	162	367.68	6.38	1.69
chr15.fs	8628	8825	198	90	99	50.99	2.65	2.39
chr15.fs	17637	18089	453	244	322	820.21	5.70	0.52
chr15.fs	26731	26780	50	24	31	73.26	5.07	2.56
chr15.fs	26798	26853	56	28	35	69.85	5.52	2.47
chr15.fs	27466	27540	75	39	51	138.98	5.93	2.18
chr15.fs	27999	28055	57	29	40	116.28	7.07	2.38
chr15.fs	29298	29997	700	58	514	313.14	2.60	1.48
chr15.fs	30016	30963	948	577	643	375.84	2.81	1.71
chr15.fs	31090	31566	477	87	271	130.72	3.23	2.24
chr15.fs	40417	40593	177	65	85	96.98	3.52	2.27
chr15.fs	69214	69582	369	150	195	121.86	3.57	2.44
chr15.fs	80776	81064	289	140	155	83.87	2.57	2.44
chr15.fs	90890	91112	223	154	119	72.01	2.91	2.52
chr15.fs	100462	100704	243	138	167	120.75	2.87	2.43
chr15.fs	109395	110093	699	493	519	468.28	3.45	1.31
chr15.fs	110117	110610	494	189	444	998.27	6.15	0.64
chr15.fs	110829	110982	154	125	87	144.47	4.08	2.08
chr15.fs	111009	111127	119	30	63	56.75	2.98	2.35
chr15.fs	113722	113827	106	43	44	56.44	3.80	2.34
chr15.fs	155466	155598	133	47	53	69.77	3.42	2.46
chr15.fs	155601	155711	111	63	55	96.05	5.01	2.25
chr15.fs	159198	160192	995	72	856	908.08	3.65	0.57
chr15.fs	160375	162076	1702	913	1580	2833.35	5.04	0.00
chr15.fs	167846	168351	506	179	485	1628.50	7.91	0.00
chr15.fs	203235	203588	354	189	253	257.36	3.35	1.77
chr15.fs	216336	216682	347	157	198	72.19	2.52	2.53
chr15.fs	226448	226636	189	79	143	301.88	4.47	1.45
chr15.fs	226653	226975	323	40	329	870.99	6.17	0.55
chr15.fs	227080	227174	95	47	41	59.41	4.10	2.33
chr15.fs	228238	228350	113	85	66	140.35	5.81	2.20
chr15.fs	232128	232345	218	72	103	101.13	3.28	2.19
chr15.fs	253772	254351	580	244	463	980.12	5.98	0.62
chr15.fs	274208	274495	288	196	169	142.97	2.85	2.22
chr15.fs	274500	274664	165	72	93	78.69	3.08	2.49
chr15.fs	282069	282183	115	59	61	111.27	4.19	2.32
chr15.fs	288100	288220	121	58	71	129.23	4.84	2.24
chr15.fs	288269	288750	482	76	552	1654.06	6.46	0.00
chr15.fs	300922	301121	200	157	113	62.07	2.56	2.40
chr15.fs	301186	301320	135	104	72	109.83	3.46	2.29
chr15.fs	304888	305094	207	52	102	81.93	3.13	2.41
chr15.fs	312605	312939	335	142	209	463.45	5.01	1.29
chr15.fs	324651	324876	226	50	100	160.95	3.88	1.89
chr15.fs	340217	340309	93	57	44	67.97	3.48	2.44
chr15.fs	340352	340429	78	26	39	62.91	4.33	2.42
chr15.fs	353912	354060	149	114	90	200.34	4.79	1.93
chr15.fs	354089	354361	273	37	216	418.45	5.93	1.84
chr15.fs	363328	363460	133	54	62	92.28	3.88	2.20
chr15.fs	414103	414324	222	96	119	204.62	4.56	1.95
chr15.fs	424306	424604	299	216	178	192.93	3.47	1.89
chr15.fs	426842	427016	175	49	75	70.03	3.09	2.47
chr15.fs	449006	449287	282	216	165	328.73	5.24	1.57
chr15.fs	464357	464475	119	72	68	75.40	3.45	2.51
chr15.fs	472304	472668	365	209	211	181.31	2.97	1.99
chr15.fs	479251	479791	541	197	284	268.95	3.71	1.59
chr15.fs	487341	487465	125	93	95	184.14	5.61	2.00
chr15.fs	487503	487631	129	75	67	79.01	3.27	2.51
chr15.fs	502071	502696	626	268	493	1390.04	8.14	0.00
chr15.fs	504240	504957	718	435	668	1996.12	7.77	0.00
chr15.fs	515523	515860	338	127	194	328.32	3.95	1.57
chr15.fs	517345	517660	316	126	175	325.23	4.33	1.55
chr15.fs	519082	519505	424	226	316	731.46	6.15	0.92
chr15.fs	520658	520875	218	152	119	54.60	2.24	2.30
chr15.fs	525150	525504	355	175	273	602.88	5.19	1.16
chr15.fs	525703	526052	350	220	213	429.51	5.06	1.88
chr15.fs	569511	570555	1045	307	1022	2553.55	6.70	0.00
chr15.fs	570728	571420	693	312	768	1313.19	4.51	0.00
chr15.fs	571764	571983	220	160	155	260.20	4.98	1.56
chr15.fs	572020	572155	136	25	68	74.33	3.35	2.48
chr15.fs	587730	588048	319	253	178	187.56	3.52	2.04
chr15.fs	594243	594498	256	146	154	86.31	2.52	2.36
chr15.fs	608594	609080	487	205	418	1233.60	8.45	0.80
chr15.fs	619060	619675	616	288	535	723.41	4.05	0.90
chr15.fs	619851	621088	1238	1129	742	244.95	2.53	1.96
chr15.fs	663728	663840	113	76	57	97.58	4.56	2.15
chr15.fs	671041	671392	352	162	250	283.61	3.25	1.39
chr15.fs	710084	710224	141	48	78	155.12	4.56	2.01
chr15.fs	710260	710391	132	82	60	58.37	2.83	2.30
chr15.fs	742173	742793	621	300	494	1127.21	6.46	0.72
chr15.fs	770049	770415	367	159	223	321.91	4.91	1.53
chr15.fs	780111	780296	186	135	115	119.71	3.35	2.41
chr15.fs	780433	780966	534	253	369	369.85	3.61	1.69
chr15.fs	782720	782980	261	170	133	132.31	3.17	2.26
chr15.fs	796957	797377	421	168	407	818.26	5.00	0.51
chr15.fs	810353	810585	233	147	124	224.13	4.33	1.84
chr15.fs	840534	840673	140	102	64	62.54	3.02	2.41
chr15.fs	853940	854205	266	148	256	640.25	5.20	1.20
chr15.fs	854231	854301	71	36	77	146.77	4.84	2.09
chr15.fs	854333	854416	84	30	103	444.96	9.64	1.58
chr15.fs	854535	854590	56	25	35	81.18	6.16	2.41
chr15.fs	854596	854955	360	49	272	706.28	6.92	0.87
chr15.fs	855066	855237	172	55	85	78.77	3.11	2.50
chr15.fs	877313	877760	448	149	261	178.89	2.84	1.96
chr15.fs	877794	878063	270	112	157	83.46	2.73	2.43
chr15.fs	882227	882479	253	203	126	75.15	2.69	2.50
chr15.fs	888831	889293	463	230	386	1103.60	7.18	0.70
chr15.fs	904127	904594	468	98	246	179.80	2.99	1.97
chr15.fs	908475	908893	419	210	286	388.06	4.66	1.73
chr15.fs	925177	925361	185	101	101	122.57	3.69	2.46
chr15.fs	943510	943780	271	95	145	95.86	2.89	2.25
chr15.fs	954038	954435	398	144	242	434.02	5.59	1.57
chr15.fs	966729	966916	188	133	87	87.11	3.15	2.36
chr15.fs	967086	967502	417	98	221	126.72	2.64	2.36
chr15.fs	967546	967656	111	65	54	50.76	2.86	2.39
chr15.fs	967978	969567	1590	1066	1506	3100.00	6.41	0.00
chr15.fs	969587	969999	413	49	214	149.05	2.95	2.12
chr15.fs	976259	976446	188	148	105	124.27	3.80	2.48
chr15.fs	976472	976627	156	22	85	94.81	3.81	2.23
chr15.fs	977994	978140	147	98	66	63.71	4.02	2.44
chr15.fs	978457	979488	1032	550	1202	3065.74	5.83	0.00
chr15.fs	980590	980751	162	54	94	91.25	3.57	2.18
chr15.fs	980769	980903	135	78	75	112.44	4.75	2.34
chr15.fs	987460	987904	445	117	260	201.92	3.42	1.94
chr15.fs	989029	989666	638	296	615	966.12	4.56	0.62
chr15.fs	1007995	1008633	639	355	665	2243.62	7.94	0.00
chr15.fs	1049112	1049330	219	140	111	56.02	3.06	2.33
chr16.fs	40386	40684	299	246	165	149.80	3.36	1.97
chr16.fs	40954	41349	396	199	251	394.18	5.46	1.75
chr16.fs	55975	56186	212	180	171	268.95	3.78	1.58
chr16.fs	56250	56479	230	40	207	589.85	7.58	1.14
chr16.fs	66891	67365	475	172	450	1089.09	6.01	0.69
chr16.fs	74920	75559	640	474	556	192.58	2.34	1.89
chr16.fs	95193	95630	438	203	359	609.34	5.57	1.17
chr16.fs	96525	96723	199	78	92	71.42	2.89	2.51
chr16.fs	98781	98926	146	96	68	77.41	3.39	2.47
chr16.fs	109854	110148	295	168	183	326.49	5.36	1.55
chr16.fs	135681	135828	148	47	75	58.43	3.59	2.31
chr16.fs	182605	183661	1057	702	1142	3100.00	7.68	0.00
chr16.fs	210055	210206	152	92	88	124.47	3.92	2.49
chr16.fs	214572	215350	779	468	907	2377.04	5.81	0.00
chr16.fs	255502	257483	1982	1486	1814	3100.00	7.28	0.00
chr16.fs	303396	303605	210	98	109	67.42	2.89	2.42
chr16.fs	333419	333558	140	63	68	107.75	3.42	2.26
chr16.fs	335840	336317	478	198	358	343.19	3.48	1.63
chr16.fs	338896	339003	108	33	52	57.44	3.28	2.27
chr16.fs	340773	341004	232	109	117	52.78	2.57	2.34
chr16.fs	393706	393797	92	60	40	52.81	3.43	2.35
chr16.fs	405545	405642	98	35	50	65.23	3.16	2.47
chr16.fs	405857	406029	173	50	82	58.45	2.64	2.31
chr16.fs	411531	411827	297	218	168	227.65	3.70	1.86
chr16.fs	431847	433851	2005	414	1409	1155.25	3.55	0.74
chr16.fs	435812	435901	90	68	43	69.27	3.96	2.46
chr16.fs	435948	436040	93	35	46	60.07	3.73	2.36
chr16.fs	451716	451907	192	78	92	108.56	3.86	2.28
chr16.fs	463731	464288	558	248	373	530.77	4.32	1.08
chr16.fs	502849	503184	336	66	180	79.28	2.84	2.40
chr16.fs	504414	505004	591	267	558	1667.72	7.62	0.00
chr16.fs	566871	567221	351	168	254	574.34	6.20	1.13
chr16.fs	572315	572492	178	70	111	136.49	3.36	2.30
chr16.fs	613299	613499	201	149	103	173.33	4.33	1.93
chr16.fs	621359	621917	559	252	626	2239.91	7.82	0.00
chr16.fs	641212	641514	303	137	193	109.67	2.52	2.29
chr16.fs	641968	642167	200	146	94	50.20	3.44	2.38
chr16.fs	642346	642679	334	108	211	159.72	3.22	2.05
chr16.fs	645292	645798	507	308	332	384.02	3.61	1.72
chr16.fs	654019	654183	165	50	82	110.70	3.49	2.31
chr16.fs	661078	661255	178	46	85	124.54	3.65	2.49
chr16.fs	678996	679303	308	79	191	185.74	3.62	2.01
chr16.fs	689468	689582	115	88	60	96.20	3.93	2.26
chr16.fs	689625	689776	152	39	91	129.16	3.69	2.23
chr16.fs	700534	700611	78	22	34	52.10	3.65	2.32
chr16.fs	718481	718654	174	57	80	77.12	3.77	2.46
chr16.fs	718999	719263	265	123	137	153.54	4.07	2.00
chr16.fs	731029	731172	144	22	63	77.85	3.30	2.47
chr16.fs	731184	731269	86	31	38	58.26	3.88	2.30
chr16.fs	739589	739735	147	52	65	87.52	4.10	2.38
chr16.fs	739763	739920	158	48	74	109.34	3.65	2.28
chr16.fs	744151	744304	154	114	80	102.82	4.02	2.20
chr16.fs	747564	747815	252	174	146	273.60	4.36	1.60
chr16.fs	754383	754733	351	100	211	310.93	3.64	1.47
chr16.fs	755452	755566	115	55	49	62.71	3.96	2.42
chr16.fs	768954	769219	266	216	251	769.61	6.30	0.97
chr16.fs	769289	769344	56	28	48	139.25	7.88	2.19
chr16.fs	769467	769607	141	30	125	351.25	6.74	1.66
chr16.fs	769632	770329	698	258	579	854.59	4.46	0.54
chr16.fs	770693	771077	385	243	214	295.32	3.71	1.44
chr16.fs	775597	775778	182	143	134	301.28	5.37	1.45
chr16.fs	775811	776154	344	95	359	873.17	5.93	0.55
chr16.fs	781698	782067	370	190	222	407.06	5.07	1.78
chr16.fs	798470	798617	148	84	75	74.80	3.29	2.49
chr16.fs	798629	799199	571	353	539	1742.44	9.01	0.00
chr16.fs	810534	810696	163	125	111	134.33	3.44	2.27
chr16.fs	810726	810863	138	78	69	107.94	3.96	2.26
chr16.fs	812738	813984	1247	236	951	1899.26	7.21	0.00
chr16.fs	817372	817476	105	49	46	58.53	4.03	2.31
chr16.fs	817643	818333	691	508	540	1381.48	7.19	0.00
chr16.fs	819416	819548	133	95	80	178.73	5.01	1.95
chr16.fs	819587	819702	116	67	60	99.66	3.82	2.17
chr16.fs	821700	822411	712	330	641	748.53	4.29	0.93
chr16.fs	855751	855807	57	30	40	65.77	4.81	2.48
chr16.fs	856084	856141	58	30	41	113.99	7.52	2.35
chr16.fs	856525	856579	55	28	45	152.31	7.98	1.99
chr16.fs	856857	856923	67	30	63	153.17	5.82	1.99
chr16.fs	856955	857924	970	57	700	996.21	4.58	0.63
chr16.fs	858324	859105	782	416	519	526.88	4.23	1.07
chr16.fs	860202	860391	190	163	107	95.78	3.67	2.24
chr16.fs	874866	875202	337	195	210	326.91	4.20	1.56
chr16.fs	875662	875987	326	111	203	208.30	3.37	1.98
chr16.fs	880102	880314	213	139	201	640.61	6.90	1.21
chr16.fs	880340	880666	327	130	414	1413.91	7.09	0.00
chr16.fs	880696	881231	536	221	503	1080.66	5.28	0.68
chr16.fs	885870	886206	337	98	175	160.44	3.56	1.89
